28 32 -54.5
160.000003582 240.000003582 320.000003582 399.999995953 479.999995953 559.999995953 639.999995953 719.999995953 800.00002647 880.00002647 
960.00002647 1040.00002647 1120.00002647 1200.00002647 1280.00002647 1360.00002647 1440.00002647 1520.00002647 1600.00002647 1680.00002647 
1760.00002647 1840.00002647 1920.00002647 2000.00002647 2080.00002647 2160.00002647 2240.00002647 2319.9999044 
79.9999937061 159.999993706 239.999993706 319.999993706 399.999993706 479.999993706 560.000008965 640.000008965 720.000008965 800.000008965 
880.000008965 960.000008965 1040.00000896 1120.00000896 1200.00000896 1280.00000896 1360.00007 1440.00007 1520.00007 1600.00007 
1680.00007 1760.00007 1840.00007 1920.00007 2000.00007 2080.00007 2160.00007 2240.00007 2320.00007 2400.00007 
2480.00007 2560.00007 
20.3805 20.4348 20.5 20.5 20.3644 19.9892 19.7478 19.5236 -99999 19.1046 
18.6698 18.416 18.5433 18.5 18.2419 17.835 16.808 15.5642 14.6632 14.1536 
14.0066 14.046 13.6241 13.6676 13.7113 -99999 -99999 -99999 -99999 -99999 
-99999 -99999 20.2751 20.4448 20.5 20.5 20.3435 19.9501 19.7037 19.488 
19.2822 19.0295 18.765 18.5144 18.5 18.5 18.5 18.0074 16.7507 15.3874 
14.2193 13.5 13.5 13.5609 13.5997 13.5 13.5 -99999 -99999 -99999 
-99999 -99999 -99999 -99999 20.1935 20.3879 20.4305 20.3766 20.1912 19.7336 
19.6112 19.4304 19.168 19.0047 18.7426 18.2056 18.5 18.5 18.5 17.7572 
16.6441 15.2844 13.9464 13.5 13.5 13.5528 13.6573 13.6494 13.734 -99999 
-99999 -99999 -99999 -99999 -99999 -99999 20.0335 19.9989 20.0273 19.9484 
19.7487 19.6573 19.4317 19.2764 19.113 18.9654 18.7112 18.289 18.007 18.022 
17.7713 17.2224 16.2615 15.1896 14.1842 13.5 13.5 13.6926 13.7125 13.6626 
13.7479 -99999 -99999 -99999 -99999 -99999 -99999 -99999 19.8349 19.6993 
19.6818 19.5994 19.592 19.5227 19.4124 19.1254 19.0294 18.8891 18.6518 17.9553 
17.8331 17.6046 17.3788 16.8036 16.138 15.302 14.4942 14.1681 14.1686 14.3072 
13.8243 13.6812 13.9048 13.9832 -99999 -99999 -99999 -99999 -99999 -99999 
19.4274 19.3835 19.3915 19.4131 19.5 19.5 19.3672 18.9155 18.6845 18.6634 
18.4824 18.0105 17.6732 17.4516 17.0527 16.6544 16.0495 15.5045 14.7509 14.5329 
14.591 14.6229 13.9675 13.6672 13.655 13.6717 14.2604 -99999 -99999 14.1295 
14.2865 15.0143 19.213 19.2214 19.1913 19.2422 19.3487 19.3215 19.0765 18.816 
18.5957 18.5121 18.4616 17.9474 17.6508 17.4386 17.0596 16.6812 16.0973 15.4057 
15.0719 14.6547 14.5753 14.7968 14.1739 13.6429 13.6161 13.8466 13.6518 13.7335 
14.0111 14.2613 14.4625 15.131 19.012 19.006 19.0022 18.9604 18.9526 18.8085 
18.7234 18.6495 18.5784 18.5 18.4484 18.1063 17.6104 17.436 17.1394 16.7465 
15.953 15.4045 14.8531 14.5134 14.4263 14.4979 14.2166 13.5133 13.815 13.5759 
13.6101 13.8165 14.0926 14.4369 14.6947 15.2566 18.8282 18.8111 18.6786 18.6482 
18.5839 18.5465 18.4966 18.3944 18.3626 18.5 18.2702 17.9095 17.6127 17.5634 
17.2715 16.8708 16.1696 15.4607 14.5 14.5 14.6354 14.6261 14.2571 13.7469 
13.3478 13.3825 13.5338 13.7912 14.2154 14.6533 14.9797 15.1948 18.5977 18.5818 
18.4957 18.5691 18.5 18.5 18.4341 18.2264 18.1132 17.9883 17.8762 17.6071 
17.5235 17.5 17.4506 16.8282 16.1286 15.4914 14.6235 14.5289 14.6282 15 
14.487 13.5 13.6035 13.5921 13.6446 13.8747 14.3124 14.8357 15.3217 15.5 
18.5285 18.5 18.5369 18.4596 18.5 18.3925 18.2776 17.9668 17.7005 17.5035 
17.3047 17.3528 17.4228 17.5 17.1287 16.7172 16.1389 15.5298 15.107 14.8979 
14.8179 14.6435 14.3475 13.7548 13.5536 13.1904 13.0265 13.4518 14.1422 14.2302 
15.5 15.5 18.5 18.5 18.5 18.3752 18.3107 18.213 17.9505 17.6761 
17.2598 16.7262 16.7521 17.0344 17.1221 17.0648 16.9364 16.597 16.3329 15.7847 
15.4995 15.2542 14.8638 14.9468 13.3851 12.2697 13.3504 12.9003 12.4608 13.0041 
12.4213 14.5714 15.3912 15.4147 18.5 18.5 18.464 18.3384 18.2241 18.0529 
17.8225 17.4433 16.8756 16.5 16.5 16.774 16.9399 16.8749 16.8028 16.6866 
16.4047 16.0545 15.8098 15.4408 15.3376 14.7938 14.036 11.3199 10.7327 11.6002 
11.5959 10.8571 13.4252 14.1744 14.599 14.8385 18.5 18.5 18.4577 18.2865 
18.0864 17.9323 17.712 17.3978 16.8748 16.5326 16.5433 16.8224 16.8154 16.7546 
16.8013 16.9 16.7426 16.1197 15.7 15.8291 14.403 13.3109 11.8739 10.1021 
9.509 11.5 10.6015 10.2044 11.0861 12.6547 13.7842 14.6337 18.456 18.4713 
18.41 18.1834 17.9606 17.7332 17.5724 17.3592 17.0447 16.7508 16.7767 16.8207 
16.8787 16.7549 16.7856 16.9 16.693 16.1672 15.9511 16.054 15.0853 13.8739 
12.1824 9.72525 6.92599 4.96443 6.7288 8.84494 10.6891 12.6082 14.5 14.5 
18.3493 18.3352 18.127 17.9727 17.7737 17.6474 17.5612 17.3779 17.1853 17.0649 
16.847 16.9001 16.8666 16.6551 16.6546 16.6518 16.6178 16.2775 16.3 16.2013 
14.7197 13.1472 12.1827 8.42111 5.54979 2.5 4.55566 8.38698 10.5377 12.5663 
14.3776 14.5 18.1929 18.0551 17.8828 17.6414 17.568 17.5553 17.5133 17.4004 
17.2802 17.1761 17.0101 16.8967 16.8366 16.6388 16.4964 16.4316 16.4271 16.4888 
16.4238 15.8606 15.3042 13.3361 12.2107 10.4774 7.50617 5.66358 6.43984 9.62871 
10.9077 10.8096 12.1218 12.7342 18.0449 17.8864 17.7296 17.5772 17.5 17.5 
17.5128 17.3894 17.2717 17.1549 16.9796 16.912 16.9267 16.7689 16.5037 16.4052 
16.4897 16.1751 16.008 15.179 14.7247 15.1202 13.7834 13.543 10.4638 9.23144 
9.46718 11.5087 10.3769 10.3748 10.8902 11.3011 17.9439 17.8224 17.6968 17.5845 
17.5 17.5 17.4573 17.3173 17.2116 17.0601 16.9865 16.9516 17 16.8596 
16.5896 16.5701 16.5673 16.23 16.09 15.7687 14.8093 14.7457 16.1144 16.5 
12.0356 8.65858 10.8315 12.5 10.8167 10.057 10.027 10.8301 17.8881 17.7877 
17.701 17.6274 17.5888 17.4413 17.3475 17.3316 17.2571 17.1679 17.0257 16.9431 
16.8572 16.624 16.5 16.5806 16.6486 16.7279 16.7468 16.6895 16.4171 15.0382 
16.0655 15.4348 11.3043 4.99207 3.50272 8.38909 7.78706 7.31104 8.97713 8.95765 
17.8619 17.7787 17.7196 17.6715 17.596 17.4283 17.4226 17.4209 17.4175 17.3893 
17.2744 17.0012 16.8624 16.6746 16.5248 16.6205 16.7576 16.923 16.9776 16.8355 
16.0158 15.0281 13.9202 13.4467 12.841 6.36589 4.11253 5.75331 6.6153 6.90995 
6.92799 7.59512 -99999 17.7789 17.7376 17.7049 17.6169 17.514 17.5322 17.5581 
17.5605 17.5637 17.3751 17.1831 16.9751 16.8261 16.6855 16.7675 16.8215 17 
17 16.9351 15.4319 14.7771 14.6518 14.2814 16.5 9.51503 3.6357 2.80611 
3.66805 4.45283 5.57309 6.23111 -99999 -99999 17.5723 17.5803 17.5178 17.5374 
17.568 17.5893 17.6525 17.7 17.5771 17.4165 17.1712 16.9668 16.8132 16.8512 
16.9088 16.9365 16.9749 15.9854 14.9776 14.0548 13.5075 11.9179 11.0233 5.06712 
1 0.973683 0.876432 3.17069 3.70962 2.26473 -99999 -99999 -99999 -99999 
17.6145 17.6355 17.6595 17.6811 17.7 17.7 17.7 17.5086 17.287 17.0778 
16.9111 16.9077 16.9256 16.1222 15.8854 15.2964 14.2807 13.1431 9.47024 8.58003 
5.21437 1.27084 1.37249 1.89309 0.741717 0.666506 2.06137 2.25365 -99999 -99999 
-99999 -99999 17.6274 17.6457 17.665 17.6327 17.6716 17.7 17.6438 17.5091 
17.3384 17.1464 16.9797 16.9648 16.9384 16.927 16.8576 16.776 15.3553 10.5063 
8.87997 7.4124 3.25508 0.5 1.27251 0.55353 0.450851 0.443558 0.434193 1.90396 
-99999 -99999 -99999 -99999 -99999 17.6499 17.5899 17.6172 17.6867 17.6905 
17.5565 17.4665 17.35 17.1792 17.1133 16.9985 16.9543 16.9279 16.8163 16.7818 
11.145 9.70828 7.99488 6.76252 2.42734 2.24727 0.481582 0.359648 0.193359 0.145587 
0.230152 0.322866 -99999 -99999 -99999 -99999 -99999 17.5735 17.5928 17.7 
17.7 17.7 17.4835 17.4143 17.3215 17.3709 -99999 -99999 16.9691 16.9347 
12.811 12.2698 -99999 9.08009 7.64248 4.17791 2.94701 3.26581 0.834055 0.0994282 
0 0 0.101372 0.169804 -99999 -99999 -99999 -99999 -99999 -99999 
17.7 17.7 17.7 17.7 17.4204 17.3666 17.3752 -99999 -99999 -99999 
-99999 -99999 -99999 -99999 -99999 -99999 4.94609 2.77703 1.94942 3.42378 
0.859217 0.0730213 0 0 0.06255 0.12037 